BootCurrent: 0004
Timeout: 1 seconds
BootOrder: 0004,0000,0005,0006,0007
Boot0000* Windows Boot Manager	HD(1,GPT,fcf6c923-6df8-42fa-ad98-77f42e3d1302,0x800,0x32000)/\EFI\Microsoft\Boot\bootmgfw.efi57494e444f5753000100000088000000780000004200430044004f0042004a004500430054003d007b00390064006500610038003600320063002d0035006300640064002d0034006500370030002d0061006300630031002d006600330032006200330034003400640034003700390035007d00000000000100000010000000040000007fff0400
      dp: 04 01 2a 00 01 00 00 00 00 08 00 00 00 00 00 00 00 20 03 00 00 00 00 00 23 c9 f6 fc f8 6d fa 42 ad 98 77 f4 2e 3d 13 02 02 02 / 04 04 46 00 5c 00 45 00 46 00 49 00 5c 00 4d 00 69 00 63 00 72 00 6f 00 73 00 6f 00 66 00 74 00 5c 00 42 00 6f 00 6f 00 74 00 5c 00 62 00 6f 00 6f 00 74 00 6d 00 67 00 66 00 77 00 2e 00 65 00 66 00 69 00 00 00 / 7f ff 04 00
    data: 57 49 4e 44 4f 57 53 00 01 00 00 00 88 00 00 00 78 00 00 00 42 00 43 00 44 00 4f 00 42 00 4a 00 45 00 43 00 54 00 3d 00 7b 00 39 00 64 00 65 00 61 00 38 00 36 00 32 00 63 00 2d 00 35 00 63 00 64 00 64 00 2d 00 34 00 65 00 37 00 30 00 2d 00 61 00 63 00 63 00 31 00 2d 00 66 00 33 00 32 00 62 00 33 00 34 00 34 00 64 00 34 00 37 00 39 00 35 00 7d 00 00 00 00 00 01 00 00 00 10 00 00 00 04 00 00 00 7f ff 04 00
Boot0004* Arch Linux final	HD(7,GPT,522cf7a5-5aee-4491-8085-268e8d74677b,0xe8c08800,0x20008f)/\EFI\Linux\arch-linux.efi
      dp: 04 01 2a 00 07 00 00 00 00 88 c0 e8 00 00 00 00 8f 00 20 00 00 00 00 00 a5 f7 2c 52 ee 5a 91 44 80 85 26 8e 8d 74 67 7b 02 02 / 04 04 38 00 5c 00 45 00 46 00 49 00 5c 00 4c 00 69 00 6e 00 75 00 78 00 5c 00 61 00 72 00 63 00 68 00 2d 00 6c 00 69 00 6e 00 75 00 78 00 2e 00 65 00 66 00 69 00 00 00 / 7f ff 04 00
Boot0005* UEFI:CD/DVD Drive	BBS(129,,0x0)
      dp: 05 01 09 00 81 00 00 00 00 / 7f ff 04 00
Boot0006* UEFI:Removable Device	BBS(130,,0x0)
      dp: 05 01 09 00 82 00 00 00 00 / 7f ff 04 00
Boot0007* UEFI:Network Device	BBS(131,,0x0)
      dp: 05 01 09 00 83 00 00 00 00 / 7f ff 04 00
